0	0.88888888888889	0.11111111111111	0.88888888888889	0.11111111111111
1	0.88888888888889	0.11111111111111	0.88888888888889	0.11111111111111
2	0.88888888888889	0.11111111111111	0.88888888888889	0.11111111111111
3	0.88888888888889	0.11111111111111	0.88888888888889	0.11111111111111
4	0.88888888888889	0.11111111111111	0.88888888888889	0.11111111111111
5	0.88888888888889	0.11111111111111	0.88888888888889	0.11111111111111
6	0.88888888888889	0.11111111111111	0.88888888888889	0.11111111111111
7	0.88888888888889	0.11111111111111	0.88888888888889	0.11111111111111
8	0.88888888888889	0.11111111111111	0.88888888888889	0.11111111111111
9	0.88888888888889	0.11111111111111	0.88888888888889	0.11111111111111
10	0.88888888888889	0.11111111111111	0.88888888888889	0.11111111111111
11	0.88888888888889	0.11111111111111	0.88888888888889	0.11111111111111
12	0.88888888888889	0.11111111111111	0.88888888888889	0.11111111111111
13	0.88888888888889	0.11111111111111	0.88888888888889	0.11111111111111
14	0.88888888888889	0.11111111111111	0.88888888888889	0.11111111111111
15	0.88888888888889	0.11111111111111	0.88888888888889	0.11111111111111
16	0.88888888888889	0.11111111111111	0.88888888888889	0.11111111111111
17	0.88888888888889	0.11111111111111	0.88888888888889	0.11111111111111
18	0.88888888888889	0.11111111111111	0.88888888888889	0.11111111111111
19	0.88888888888889	0.11111111111111	0.88888888888889	0.11111111111111
20	0.88888888888889	0.11111111111111	0.88888888888889	0.11111111111111
21	0.88888888888889	0.11111111111111	0.88888888888889	0.11111111111111
22	0.88888888888889	0.11111111111111	0.88888888888889	0.11111111111111
23	0.88888888888889	0.11111111111111	0.88888888888889	0.11111111111111
24	0.88888888888889	0.11111111111111	0.88888888888889	0.11111111111111
25	0.88888888888889	0.11111111111111	0.88888888888889	0.11111111111111
26	0.88888888888889	0.11111111111111	0.88888888888889	0.11111111111111
27	0.88888888888889	0.11111111111111	0.88888888888889	0.11111111111111
28	0.88888888888889	0.11111111111111	0.88888888888889	0.11111111111111
29	0.88888888888889	0.11111111111111	0.88888888888889	0.11111111111111
30	0.88888888888889	0.11111111111111	0.88888888888889	0.11111111111111
31	0.88888888888889	0.11111111111111	0.88888888888889	0.11111111111111
32	0.88888888888889	0.11111111111111	0.88888888888889	0.11111111111111
33	0.88888888888889	0.11111111111111	0.88888888888889	0.11111111111111
34	0.88888888888889	0.11111111111111	0.88888888888889	0.11111111111111
35	0.88888888888889	0.11111111111111	0.88888888888889	0.11111111111111
36	0.88888888888889	0.11111111111111	0.88888888888889	0.11111111111111
37	0.88888888888889	0.11111111111111	0.88888888888889	0.11111111111111
38	0.88888888888889	0.11111111111111	0.88888888888889	0.11111111111111
39	0.88888888888889	0.11111111111111	0.88888888888889	0.11111111111111
40	0.88888888888889	0.11111111111111	0.88888888888889	0.11111111111111
41	0.88888888888889	0.11111111111111	0.88888888888889	0.11111111111111
42	0.88888888888889	0.11111111111111	0.88888888888889	0.11111111111111
43	0.88888888888889	0.11111111111111	0.88888888888889	0.11111111111111
44	0.88888888888889	0.11111111111111	0.88888888888889	0.11111111111111
45	0.88888888888889	0.11111111111111	0.88888888888889	0.11111111111111
46	0.88888888888889	0.11111111111111	0.88888888888889	0.11111111111111
47	0.88888888888889	0.11111111111111	0.88888888888889	0.11111111111111
48	0.88888888888889	0.11111111111111	0.88888888888889	0.11111111111111
49	0.88888888888889	0.11111111111111	0.88888888888889	0.11111111111111
50	0.88888888888889	0.11111111111111	0.88888888888889	0.11111111111111
51	0.88888888888889	0.11111111111111	0.88888888888889	0.11111111111111
52	0.88888888888889	0.11111111111111	0.88888888888889	0.11111111111111
53	0.88888888888889	0.11111111111111	0.88888888888889	0.11111111111111
54	0.88888888888889	0.11111111111111	0.88888888888889	0.11111111111111
55	0.88888888888889	0.11111111111111	0.88888888888889	0.11111111111111
56	0.88888888888889	0.11111111111111	0.88888888888889	0.11111111111111
57	0.88888888888889	0.11111111111111	0.88888888888889	0.11111111111111
58	0.88888888888889	0.11111111111111	0.88888888888889	0.11111111111111
59	0.88888888888889	0.11111111111111	0.88888888888889	0.11111111111111
60	0.88888888888889	0.11111111111111	0.88888888888889	0.11111111111111
61	0.88888888888889	0.11111111111111	0.88888888888889	0.11111111111111
62	0.88888888888889	0.11111111111111	0.88888888888889	0.11111111111111
63	0.88888888888889	0.11111111111111	0.88888888888889	0.11111111111111
64	0.88888888888889	0.11111111111111	0.88888888888889	0.11111111111111
65	0.88888888888889	0.11111111111111	0.88888888888889	0.11111111111111
66	0.88888888888889	0.11111111111111	0.88888888888889	0.11111111111111
67	0.88888888888889	0.11111111111111	0.88888888888889	0.11111111111111
68	0.88888888888889	0.11111111111111	0.88888888888889	0.11111111111111
69	0.88888888888889	0.11111111111111	0.88888888888889	0.11111111111111
70	0.88888888888889	0.11111111111111	0.88888888888889	0.11111111111111
71	0.88888888888889	0.11111111111111	0.88888888888889	0.11111111111111
72	0.88888888888889	0.11111111111111	0.88888888888889	0.11111111111111
73	0.88888888888889	0.11111111111111	0.88888888888889	0.11111111111111
74	0.88888888888889	0.11111111111111	0.88888888888889	0.11111111111111
75	0.88888888888889	0.11111111111111	0.88888888888889	0.11111111111111
76	0.88888888888889	0.11111111111111	0.88888888888889	0.11111111111111
77	0.88888888888889	0.11111111111111	0.88888888888889	0.11111111111111
78	0.88888888888889	0.11111111111111	0.88888888888889	0.11111111111111
79	0.88888888888889	0.11111111111111	0.88888888888889	0.11111111111111
80	0.88888888888889	0.11111111111111	0.88888888888889	0.11111111111111
81	0.88888888888889	0.11111111111111	0.88888888888889	0.11111111111111
82	0.88888888888889	0.11111111111111	0.88888888888889	0.11111111111111
83	0.88888888888889	0.11111111111111	0.88888888888889	0.11111111111111
84	0.88888888888889	0.11111111111111	0.88888888888889	0.11111111111111
85	0.88888888888889	0.11111111111111	0.88888888888889	0.11111111111111
86	0.88888888888889	0.11111111111111	0.88888888888889	0.11111111111111
87	0.88888888888889	0.11111111111111	0.88888888888889	0.11111111111111
88	0.88888888888889	0.11111111111111	0.88888888888889	0.11111111111111
89	0.88888888888889	0.11111111111111	0.88888888888889	0.11111111111111
90	0.88888888888889	0.11111111111111	0.88888888888889	0.11111111111111
