0	1	0	0	2.4492935982947e-16	0
1	0	0	0
0	1	0	0	2.4492935982947e-16	0
1	0	0	0
0	0.95105651629515	0	0	0.30901699437495	0
1	0	0	0
0	0.95105651629515	0	0	0.30901699437495	0
1	0	0	0
0	0.80901699437495	0	0	0.58778525229247	0
1	0	0	0
0	0.80901699437495	0	0	0.58778525229247	0
1	0	0	0
0	0.58778525229247	0	0	0.80901699437495	0
1	0	0	0
0	0.58778525229247	0	0	0.80901699437495	0
1	0	0	0
0	0.30901699437495	0	0	0.95105651629515	0
1	0	0	0
0	0.30901699437495	0	0	0.95105651629515	0
1	0	0	0
0	-1.9600538592724e-15	0	0	1	0
1	0	0	0
0	-1.9600538592724e-15	0	0	1	0
1	0	0	0
0	-0.30901699437495	0	0	0.95105651629515	0
1	0	0	0
0	-0.30901699437495	0	0	0.95105651629515	0
1	0	0	0
0	-0.58778525229247	0	0	0.80901699437495	0
1	0	0	0
0	-0.58778525229247	0	0	0.80901699437495	0
1	0	0	0
0	-0.80901699437495	0	0	0.58778525229247	0
1	0	0	0
0	-0.80901699437495	0	0	0.58778525229247	0
1	0	0	0
0	-0.95105651629515	0	0	0.30901699437494	0
1	0	0	0
0	-0.95105651629515	0	0	0.30901699437494	0
1	0	0	0
0	-1	0	0	-2.342910729165e-15	0
1	0	0	0
0	-1	0	0	-2.342910729165e-15	0
1	0	0	0
0	-0.95105651629515	0	0	-0.30901699437495	0
1	0	0	0
0	-0.95105651629515	0	0	-0.30901699437495	0
1	0	0	0
0	-0.80901699437495	0	0	-0.58778525229248	0
1	0	0	0
0	-0.80901699437495	0	0	-0.58778525229248	0
1	0	0	0
0	-0.58778525229247	0	0	-0.80901699437495	0
1	0	0	0
0	-0.58778525229247	0	0	-0.80901699437495	0
1	0	0	0
0	-0.30901699437495	0	0	-0.95105651629515	0
1	0	0	0
0	-0.30901699437495	0	0	-0.95105651629515	0
1	0	0	0
0	2.0596337842826e-15	0	0	-1	0
1	0	0	0
0	2.0596337842826e-15	0	0	-1	0
1	0	0	0
0	0.30901699437495	0	0	-0.95105651629515	0
1	0	0	0
0	0.30901699437495	0	0	-0.95105651629515	0
1	0	0	0
0	0.58778525229247	0	0	-0.80901699437495	0
1	0	0	0
0	0.58778525229247	0	0	-0.80901699437495	0
1	0	0	0
0	0.80901699437495	0	0	-0.58778525229247	0
1	0	0	0
0	0.80901699437495	0	0	-0.58778525229247	0
1	0	0	0
0	0.95105651629515	0	0	-0.30901699437495	0
1	0	0	0
0	0.95105651629515	0	0	-0.30901699437495	0
1	0	0	0
0	1	0	0	2.005524386355e-15	0
1	0	0	0
0	1	0	0	2.005524386355e-15	0
1	0	0	0
0	0.95105651629515	0	0	0.30901699437495	0
1	0	0	0
0	0.95105651629515	0	0	0.30901699437495	0
1	0	0	0
0	0.80901699437495	0	0	0.58778525229247	0
1	0	0	0
0	0.80901699437495	0	0	0.58778525229247	0
1	0	0	0
0	0.58778525229247	0	0	0.80901699437495	0
1	0	0	0
0	0.58778525229247	0	0	0.80901699437495	0
1	0	0	0
0	0.30901699437495	0	0	0.95105651629515	0
1	0	0	0
0	0.30901699437495	0	0	0.95105651629515	0
1	0	0	0
0	-1.9371691043679e-15	0	0	1	0
1	0	0	0
0	-1.9371691043679e-15	0	0	1	0
1	0	0	0
0	-0.30901699437495	0	0	0.95105651629515	0
1	0	0	0
0	-0.30901699437495	0	0	0.95105651629515	0
1	0	0	0
0	-0.58778525229247	0	0	0.80901699437495	0
1	0	0	0
0	-0.58778525229247	0	0	0.80901699437495	0
1	0	0	0
0	-0.80901699437495	0	0	0.58778525229247	0
1	0	0	0
0	-0.80901699437495	0	0	0.58778525229247	0
1	0	0	0
0	-0.95105651629515	0	0	0.30901699437495	0
1	0	0	0
0	-0.95105651629515	0	0	0.30901699437495	0
1	0	0	0
0	-1	0	0	-2.0979813693356e-15	0
1	0	0	0
0	-1	0	0	-2.0979813693356e-15	0
1	0	0	0
0	-0.95105651629515	0	0	-0.30901699437495	0
1	0	0	0
0	-0.95105651629515	0	0	-0.30901699437495	0
1	0	0	0
0	-0.80901699437495	0	0	-0.58778525229248	0
1	0	0	0
0	-0.80901699437495	0	0	-0.58778525229248	0
1	0	0	0
0	-0.58778525229247	0	0	-0.80901699437495	0
1	0	0	0
0	-0.58778525229247	0	0	-0.80901699437495	0
1	0	0	0
0	-0.30901699437494	0	0	-0.95105651629515	0
1	0	0	0
0	-0.30901699437494	0	0	-0.95105651629515	0
1	0	0	0
0	3.3690166589284e-15	0	0	-1	0
1	0	0	0
0	3.3690166589284e-15	0	0	-1	0
1	0	0	0
0	0.30901699437495	0	0	-0.95105651629515	0
1	0	0	0
0	0.30901699437495	0	0	-0.95105651629515	0
1	0	0	0
0	0.58778525229248	0	0	-0.80901699437494	0
1	0	0	0
0	0.58778525229248	0	0	-0.80901699437494	0
1	0	0	0
0	0.80901699437495	0	0	-0.58778525229247	0
1	0	0	0
0	0.80901699437495	0	0	-0.58778525229247	0
1	0	0	0
0	0.95105651629515	0	0	-0.30901699437494	0
1	0	0	0
0	0.95105651629515	0	0	-0.30901699437494	0
1	0	0	0
